
Day: 3
TotalSales: 64127.72504955088
Funds Added: 0.0

Day: 3
TotalSales: 64127.72504955088
Funds Added: 0.0

Day: 3
TotalSales: 160624.0670575589
Funds Added: 0.0

Day: 3
TotalSales: 160624.0670575589
Funds Added: 0.0
