
Day: 2
TotalSales: 35623.40133774783
Funds Added: 0.0

Day: 2
TotalSales: 160624.0670575589
Funds Added: 0.0

Day: 2
TotalSales: 0.0
Funds Added: 0.0

Day: 2
TotalSales: 64015.94896311343
Funds Added: 0.0
